Peak finding 
Frame: 0 1368 1368
Frame: 1 1384 2752
Frame: 2 1374 4126
Frame: 3 1293 5419
Frame: 4 1317 6736
Frame: 5 1259 7995
Frame: 6 1276 9271
Frame: 7 1299 10570
Frame: 8 1251 11821
Frame: 9 1340 13161
Frame: 10 1208 14369
Frame: 11 1423 15792
Frame: 12 1326 17118
Frame: 13 1348 18466
Frame: 14 1329 19795
Frame: 15 1268 21063
Frame: 16 1288 22351
Frame: 17 1312 23663
Frame: 18 1279 24942
Frame: 19 1220 26162
Frame: 20 1381 27543
Frame: 21 1336 28879
Frame: 22 1279 30158
Frame: 23 1402 31560
Frame: 24 1289 32849
Frame: 25 1290 34139
Frame: 26 1231 35370
Frame: 27 1277 36647
Frame: 28 1374 38021
Frame: 29 1301 39322
Frame: 30 1379 40701
Frame: 31 1296 41997
Frame: 32 1284 43281
Frame: 33 1281 44562
Frame: 34 1293 45855
Frame: 35 1370 47225
Frame: 36 1323 48548
Frame: 37 1302 49850
Frame: 38 1313 51163
Frame: 39 1297 52460
Frame: 40 1368 53828
Frame: 41 1428 55256
Frame: 42 1326 56582
Frame: 43 1313 57895
Frame: 44 1348 59243
Frame: 45 1281 60524
Frame: 46 1262 61786
Frame: 47 1336 63122
Frame: 48 1353 64475
Frame: 49 1279 65754
Frame: 50 1302 67056
Frame: 51 1346 68402
Frame: 52 1259 69661
Frame: 53 1273 70934
Frame: 54 1373 72307
Frame: 55 1333 73640
Frame: 56 1331 74971
Frame: 57 1323 76294
Frame: 58 1338 77632
Frame: 59 1322 78954
Frame: 60 1324 80278
Frame: 61 1251 81529
Frame: 62 1274 82803
Frame: 63 1418 84221
Frame: 64 1340 85561
Frame: 65 1231 86792
Frame: 66 1367 88159
Frame: 67 1328 89487
Frame: 68 1339 90826
Frame: 69 1414 92240
Frame: 70 1261 93501
Frame: 71 1266 94767
Frame: 72 1328 96095
Frame: 73 1332 97427
Frame: 74 1272 98699
Frame: 75 1342 100041
Frame: 76 1295 101336
Frame: 77 1286 102622
Frame: 78 1371 103993
Frame: 79 1360 105353
Frame: 80 1241 106594
Frame: 81 1429 108023
Frame: 82 1286 109309
Frame: 83 1329 110638
Frame: 84 1245 111883
Frame: 85 1259 113142
Frame: 86 1375 114517
Frame: 87 1315 115832
Frame: 88 1294 117126
Frame: 89 1331 118457
Frame: 90 1272 119729
Frame: 91 1238 120967
Frame: 92 1235 122202
Frame: 93 1319 123521
Frame: 94 1316 124837
Frame: 95 1355 126192
Frame: 96 1390 127582
Frame: 97 1334 128916
Frame: 98 1225 130141
Frame: 99 1330 131471
Frame: 100 1342 132813
Frame: 101 1327 134140
Frame: 102 1287 135427
Frame: 103 1271 136698
Frame: 104 1331 138029
Frame: 105 1351 139380
Frame: 106 1379 140759
Frame: 107 1289 142048
Frame: 108 1265 143313
Frame: 109 1276 144589
Frame: 110 1305 145894
Frame: 111 1281 147175
Frame: 112 1355 148530
Frame: 113 1221 149751
Frame: 114 1282 151033
Frame: 115 1355 152388
Frame: 116 1264 153652
Frame: 117 1288 154940
Frame: 118 1259 156199
Frame: 119 1251 157450
Frame: 120 1387 158837
Frame: 121 1288 160125
Frame: 122 1300 161425
Frame: 123 1351 162776
Frame: 124 1320 164096
Frame: 125 1288 165384
Frame: 126 1331 166715
Frame: 127 1316 168031
Frame: 128 1300 169331
Frame: 129 1228 170559
Frame: 130 1347 171906
Frame: 131 1284 173190
Frame: 132 1326 174516
Frame: 133 1323 175839
Frame: 134 1268 177107
Frame: 135 1266 178373
Frame: 136 1256 179629
Frame: 137 1326 180955
Frame: 138 1405 182360
Frame: 139 1294 183654
Frame: 140 1376 185030
Frame: 141 1314 186344
Frame: 142 1328 187672
Frame: 143 1234 188906
Frame: 144 1320 190226
Frame: 145 1251 191477
Frame: 146 1313 192790
Frame: 147 1316 194106
Frame: 148 1267 195373
Frame: 149 1348 196721
Frame: 150 1370 198091
Frame: 151 1263 199354
Frame: 152 1286 200640
Frame: 153 1336 201976
Frame: 154 1296 203272
Frame: 155 1416 204688
Frame: 156 1293 205981
Frame: 157 1265 207246
Frame: 158 1304 208550
Frame: 159 1235 209785
Frame: 160 1238 211023
Frame: 161 1292 212315
Frame: 162 1311 213626
Frame: 163 1273 214899
Frame: 164 1356 216255
Frame: 165 1230 217485
Frame: 166 1302 218787
Frame: 167 1317 220104
Frame: 168 1353 221457
Frame: 169 1346 222803
Frame: 170 1292 224095
Frame: 171 1311 225406
Frame: 172 1289 226695
Frame: 173 1331 228026
Frame: 174 1321 229347
Frame: 175 1215 230562
Frame: 176 1372 231934
Frame: 177 1306 233240
Frame: 178 1289 234529
Frame: 179 1262 235791
Frame: 180 1362 237153
Frame: 181 1324 238477
Frame: 182 1359 239836
Frame: 183 1295 241131
Frame: 184 1342 242473
Frame: 185 1414 243887
Frame: 186 1339 245226
Frame: 187 1281 246507
Frame: 188 1355 247862
Frame: 189 1362 249224
Frame: 190 1317 250541
Frame: 191 1235 251776
Frame: 192 1246 253022
Frame: 193 1222 254244
Frame: 194 1280 255524
Frame: 195 1267 256791
Frame: 196 1327 258118
Frame: 197 1232 259350
Frame: 198 1224 260574
Frame: 199 1261 261835